initial_baseline(TCN):         -2.5277679     -269.6156506      -85.5644360   m   m   m
initial_baseline_rate:          0.0000000       -0.3043718       -0.0382312   m/s m/s m/s
precision_baseline(TCN):        0.0000000        0.0000000        0.0000000   m   m   m
precision_baseline_rate:        0.0000000        0.0000000        0.0000000   m/s m/s m/s
unwrap_phase_constant:            0.00000     radians

