dates = [ "20210802", "20210816", "20210830", "20210913", "20211011", "20211025", "20220606", "20220620", "20220704", "20220718", "20220801", "20220815", "20220829", "20220912", "20220926", "20221010", "20221024",]
radar_wavelength = 0.24245249210715603
heading = -17.8792397
range_pixel_spacing = 4.29054
azimuth_pixel_spacing = 3.740105
perpendicular_baseline = [ -97.61360168457031, -45.58580017089844, 17.86680030822754, -26.258899688720703, -63.72420120239258, -56.363399505615234, 64.75759887695312, 0.0, -9.043999671936035, -13.02869987487793, -112.94960021972656, -86.09490203857422, -129.9635009765625, -127.6594009399414, -182.29519653320312, -129.735107421875, -184.31100463867188,]
